0,0,-1,-1,0,0,0,0,0,0,0,0,0,0,1,-1,0,0,-1,-1,0,0,1,1,1,-1,1,-1,0,0,0,0,0,0,-1
1,0,1,-1,0,0,0.77941,-0.99265,0.80882,0.55147,-0.41912,-0.94853,0,0,0,0,0.72059,-0.77206,0.73529,-0.60294,0,0,0.18382,-1,-1,-1,-1,-1,1,-1,1,-1,0,0,-1
1,0,0.98455,-0.02736,0.98058,-0.04104,1,-0.07635,0.98720,0.01456,0.95278,-0.02604,0.98500,-0.07458,0.99382,-0.07149,0.97396,-0.09532,0.97264,-0.12224,0.99294,-0.05252,0.95278,-0.08914,0.97352,-0.08341,0.96653,-0.12912,0.93469,-0.14916,0.97132,-0.15755,0.96778,-0.18800,1
0,0,0,0,0,0,0,0,0,0,0,0,0,0,0,0,0,0,0,0,0,0,0,0,0,0,1,0,0,0,0,0,0,0,-1
0,0,0,0,0,0,0,0,0,0,0,0,-1,-1,0,0,1,0.75000,0,0,0,0,-1,1,0,0,1,-1,-1,-1,1,1,0,0,-1
1,0,1,0.67784,0.81309,0.82021,0.43019,1,0.20619,0.80541,-0.43872,1,-0.79135,0.77092,-1,0.40268,-0.39046,-0.58634,-0.97907,-0.42822,-0.73083,-0.76339,-0.37671,-0.97491,0.41366,-1,0.41778,-0.93296,0.25773,-1,0.93570,-0.35222,0.98816,0.03446,1
1,0,0.91667,0.29167,0.83333,-0.16667,0.70833,0.25000,0.87500,-0.08333,0.91667,0.04167,0.83333,0.12500,0.70833,0,0.87500,0.04167,1,0.08333,0.66667,-0.08333,0.75000,0.16667,0.83333,-0.12500,0.83796,0.05503,1,0.20833,0.70833,0,0.70833,0.04167,1
0,0,1,1,1,-1,0,0,0,0,1,1,1,1,-1,-1,1,-1,-1,1,0,0,1,-1,1,-1,1,1,-1,-1,0,0,0,0,-1
1,0,0.83789,0.42904,0.72113,0.58385,0.45625,0.78115,0.16470,0.82732,-0.13012,0.86947,-0.46177,0.78497,-0.59435,0.52070,-0.78470,0.26529,-0.84014,0.03928,-0.62041,-0.31351,-0.47412,-0.48905,-0.37298,-0.67796,-0.05054,-0.62691,0.14690,-0.45911,0.37093,-0.39167,0.48319,-0.24313,1
1,0,0.96355,-0.07198,1,-0.14333,1,-0.21313,1,-0.36174,0.92570,-0.43569,0.94510,-0.40668,0.90392,-0.46381,0.98305,-0.35257,0.84537,-0.66020,0.75346,-0.60589,0.69637,-0.64225,0.85106,-0.65440,0.57577,-0.69712,0.25435,-0.63919,0.45114,-0.72779,0.38895,-0.73420,1
1,0,0.93972,0.28082,0.80486,0.52821,0.58167,0.73151,0.34961,0.80511,0.10797,0.90403,-0.20015,0.89335,-0.39730,0.82163,-0.58835,0.62867,-0.76305,0.40368,-0.81262,0.18888,-0.81317,-0.04284,-0.75273,-0.26883,-0.63237,-0.46438,-0.46422,-0.61446,-0.26389,-0.70835,-0.08937,-0.71273,1
1,0,0.36876,-1,-1,-1,-0.07661,1,1,0.95041,0.74597,-0.38710,-1,-0.79313,-0.09677,1,0.48684,0.46502,0.31755,-0.27461,-0.14343,-0.20188,-0.11976,0.06895,0.03021,0.06639,0.03443,-0.01186,-0.00403,-0.01672,-0.00761,0.00108,0.00015,0.00325,-1
1,0,0.90071,0.01773,1,-0.01773,0.90071,0.00709,0.84752,0.05674,1,0.03546,0.97872,0.01064,0.97518,0.03546,1,-0.03191,0.89716,-0.03191,0.86170,0.07801,1,0.09220,0.90071,0.04610,0.94305,0.03247,0.94681,0.02482,1,0.01064,0.93617,0.02128,1
1,0,1,-0.08183,1,-0.11326,0.99246,-0.29802,1,-0.33075,0.96662,-0.34281,0.85788,-0.47265,0.91904,-0.48170,0.73084,-0.65224,0.68131,-0.63544,0.82450,-0.78316,0.58829,-0.74785,0.67033,-0.96296,0.48757,-0.85669,0.37941,-0.83893,0.24117,-0.88846,0.29221,-0.89621,1
1,0,0.69444,0.38889,0,0,-0.32937,0.69841,0,0,0,0,0,0,0.20635,-0.24206,0.21032,0.19444,0.46429,0.78175,0,0,0,0,0.73413,0.27381,0.76190,0.63492,0,0,0,0,0,0,-1
1,0,0.99645,0.06468,1,-0.01236,0.97811,0.02498,0.96112,0.02312,0.99274,0.07808,0.89323,0.10346,0.94212,0.05269,0.88809,0.11120,0.86104,0.08631,0.81633,0.11830,0.83668,0.14442,0.81329,0.13412,0.79476,0.13638,0.79110,0.15379,0.77122,0.15930,0.70941,0.12015,1
1,0,1,-0.24051,1,-0.20253,0.87342,-0.10127,0.88608,0.01266,1,0.11392,0.92405,0.06329,0.84810,-0.03797,0.63291,-0.36709,0.87342,-0.01266,0.93671,0.06329,1,0.25316,0.62025,-0.37975,0.84637,-0.05540,1,-0.06329,0.53165,0.02532,0.83544,-0.02532,1
1,0,1,1,-1,1,-1,-0.82456,0.34649,0.21053,0.46053,0.07018,0.22807,0.05702,0.35088,0.34649,0.72807,-0.03947,0.22807,0.53070,0,0,-0.29825,-0.16228,1,-0.66667,1,-1,1,-0.24561,0.35088,0.20175,0.82895,0.07895,-1
1,0,1,0.06843,1,0.14211,1,0.22108,1,-0.12500,1,0.39495,1,0.48981,1,0.58986,-0.37500,1,1,0,1,0.92001,1,1,1,1,1,1,1,0.25000,1,1,1,1,1
1,0,1,0.23058,1,-0.78509,1,-0.10401,1,0.15414,1,0.27820,0.98120,-0.06861,1,0.06610,0.95802,-0.18954,0.83584,-0.15633,0.97400,0.03728,0.99624,0.09242,1,-0.01253,0.96238,-0.04597,0.91165,0.03885,1,-0.13722,0.96523,-0.11717,1
0,0,0,0,1,1,0,0,1,1,0,0,1,-1,0,0,0,0,0,0,0,0,0,0,0,0,1,-1,0,0,-1,1,0,0,-1
1,0,0.99701,0.21677,0.91966,0.47030,0.76902,0.62415,0.53312,0.78120,0.36774,0.88291,0.10107,0.83312,-0.06827,0.89274,-0.28269,0.72073,-0.43707,0.61688,-0.55769,0.48120,-0.65000,0.35534,-0.64658,0.15908,-0.66651,0.02277,-0.64872,-0.13462,-0.54615,-0.22949,-0.47201,-0.35032,1
1,0,0.26667,-0.10000,0.53333,0,0.33333,-0.13333,0.36667,0.11667,0.56667,0.01667,0.71667,0.08333,0.70000,-0.06667,0.53333,0.20000,0.41667,-0.01667,0.31667,0.20000,0.70000,0,0.25000,0.13333,0.46214,0.05439,0.40000,0.03333,0.46667,0.03333,0.41667,-0.05000,1
1,0,0.74790,0.00840,0.83312,0.01659,0.82638,0.02469,0.86555,0.01681,0.60504,0.05882,0.79093,0.04731,0.77441,0.05407,0.64706,0.19328,0.84034,0.04202,0.71285,0.07122,0.68895,0.07577,0.66387,0.08403,0.63728,0.08296,0.61345,0.01681,0.58187,0.08757,0.55330,0.08891,1
1,0,0.86889,-0.07111,1,-0.02494,1,-0.06889,0.87778,0.00222,0.83556,-0.06444,1,-0.07287,1,-0.20000,0.86889,0.05333,0.88000,-0.03778,1,-0.11526,1,-0.18667,0.84444,0.03556,1,-0.14162,0.82222,-0.14667,1,-0.15609,1,-0.44222,1
1,0,0.25000,0.16667,0.46667,0.26667,0.19036,0.23966,0.07766,0.19939,0.01070,0.14922,-0.02367,0.10188,-0.03685,0.06317,-0.03766,0.03458,-0.03230,0.01532,-0.02474,0.00357,-0.01726,-0.00273,-0.01097,-0.00539,-0.00621,-0.00586,-0.00294,-0.00520,-0.00089,-0.00408,0.00025,-0.00291,1
1,0,1,0.45455,1,0.54545,0.81818,0.63636,1,-0.09091,1,0,0.81818,-0.45455,0.63636,0.27273,1,-0.63636,1,-0.27273,0.90909,-0.45455,1,0.07750,1,-0.09091,1,0.08867,1,0.36364,1,0.63636,0.72727,0.27273,1
1,0,0.88116,0.27475,0.72125,0.42881,0.61559,0.63662,0.38825,0.90502,0.09831,0.96128,-0.20097,0.89200,-0.35737,0.77500,-0.65114,0.62210,-0.78768,0.45535,-0.81856,0.19095,-0.83943,-0.08079,-0.78334,-0.26356,-0.67557,-0.45511,-0.54732,-0.60858,-0.30512,-0.66700,-0.19312,-0.75597,1
0,0,0,0,0,0,0,0,0,0,0,0,0,0,0,0,0,0,0,0,0,0,0,0,0,0,1,-1,0,0,0,0,0,0,-1
1,0,0.91176,-0.08824,0.97059,0.17647,0.82353,0.08824,0.91176,-0.02941,0.97059,-0.17647,0.97059,0.14706,0.94118,0.02941,1,0,1,0,0.76471,0.11765,0.88235,0.02941,0.85294,0.02941,0.92663,0.02600,0.94118,-0.11765,0.97059,0.05882,0.91176,0.05882,1
1,0,1,-0.00612,1,-0.09834,1,-0.07649,1,-0.10605,1,-0.11073,1,-0.39489,1,-0.15616,0.92124,-0.31884,0.86473,-0.34534,0.91693,-0.44072,0.96060,-0.46866,0.81874,-0.40372,0.82681,-0.42231,0.75784,-0.38231,0.80448,-0.40575,0.74354,-0.45039,1
0,0,1,1,1,-1,1,-1,1,1,0,0,1,-1,0,0,0,0,0,0,-1,1,1,1,0,0,1,1,0,0,-1,-1,0,0,-1
1,0,0.94631,0.17498,0.90946,0.33143,0.85096,0.49960,0.73678,0.63842,0.59215,0.73838,0.48698,0.83614,0.30459,0.90665,0.17959,0.93429,-0.00701,0.93109,-0.18880,0.89383,-0.33023,0.82492,-0.46534,0.76482,-0.58563,0.66335,-0.67929,0.52564,-0.75321,0.42488,-0.81210,0.26092,1
1,0,0.83609,0.13215,0.72171,0.06059,0.65829,0.08315,0.23888,0.12961,0.43837,0.20330,0.49418,0.12686,0.44747,0.13507,0.29352,0.02922,0.48158,0.15756,0.32835,0.14616,0.29495,0.14638,0.26436,0.14530,0.23641,0.14314,0.26429,0.16137,0.18767,0.13632,0.16655,0.13198,1
1,0,0,0,0,0,0,0,0,0,0,0,-1,1,1,0.55172,0,0,0,0,0,0,0,0,0,0,1,1,0,0,0,0,0,0,-1
1,0,0.68317,0.05375,0.84803,0.00202,0.84341,0.00301,0.84300,0.09901,0.75813,0.04102,0.81892,0.00585,0.80738,0.00673,0.80622,-0.12447,0.77935,-0.03536,0.76365,0.00909,0.74635,0.00978,0.79632,-0.04243,0.70824,0.01096,0.62235,0.11598,0.66624,0.01190,0.64407,0.01227,1
1,0,0.47938,-0.12371,0.42784,-0.12371,0.70103,-0.39175,0.73196,0.07216,0.26289,-0.21649,0.49485,0.15979,0.45361,-0.11856,0.42268,0.06186,0.5,-0.27320,0.54639,0.18557,0.42268,0.08247,0.70619,0.19588,0.53396,-0.12447,0.15464,-0.26289,0.47423,0.04124,0.45361,-0.51546,1
1,0,0.85209,0.39252,0.38887,0.76432,0.08858,0.98903,-0.42625,0.88744,-0.76229,0.49980,-0.93092,0.10768,-0.85900,-0.31044,-0.66030,-0.55262,-0.19260,-0.86063,0.28444,-0.80496,0.64649,-0.35230,0.77814,-0.23324,0.71698,0.21343,0.37830,0.58310,0.19667,0.66315,-0.11215,0.64933,1
1,0,1,0,1,0,0.66667,0.11111,1,-0.11111,0.88889,-0.11111,1,-0.22222,0.77778,0,0.77778,0,1,-0.11111,0.77778,-0.11111,0.66667,-0.11111,0.66667,0,0.90347,-0.05352,1,0.11111,0.88889,-0.11111,1,0,1
1,0,0.50932,-0.93996,1,0.26708,-0.03520,-1,1,-1,0.43685,-1,0,0,-1,-0.34265,-0.37681,0.03623,1,-1,0,0,0,0,-0.16253,0.92236,0.39752,0.26501,0,0,1,0.23188,0,0,-1
1,0,1,-0.57224,0.99150,-0.73371,0.89518,-0.97450,1,-0.35818,1,-0.23229,0.62890,-0.86402,1,-0.57535,1,-0.79603,0.76771,-0.88952,0.96601,-1,0.70120,-0.74896,0.61946,-0.76904,0.53777,-0.77986,0.81020,-1,1,-1,0.30445,-0.76112,1
1,0,0.99539,-0.05889,0.85243,0.02306,0.83398,-0.37708,1,0.03760,0.85243,-0.17755,0.59755,-0.44945,0.60536,-0.38223,0.84356,-0.38542,0.58212,-0.32192,0.56971,-0.29674,0.36946,-0.47357,0.56811,-0.51171,0.41078,-0.46168,0.21266,-0.34090,0.42267,-0.54487,0.18641,-0.45300,1
1,0,0.92436,0.36924,0.71976,0.68420,0.29303,0.94078,-0.11108,0.76527,-0.31605,0.92453,-0.66616,0.78766,-0.92145,0.42314,-0.94315,0.09585,-1,0.03191,-0.66431,-0.66278,-0.46010,-0.78174,-0.13486,-0.88082,0.19765,-0.85137,0.48904,-0.70247,0.69886,-0.46048,0.76066,-0.13194,1
1,0,0.61538,0.18923,0.78157,0.01780,0.77486,0.02647,0.65077,-0.10308,0.77538,0.08000,0.73961,0.05060,0.72322,0.05776,0.68615,-0.08923,0.61692,0.16308,0.66233,0.07573,0.63878,0.08041,0.60154,-0.07231,0.58803,0.08767,0.55077,0.25692,0.53389,0.09207,0.50609,0.09322,1
0,0,1,1,1,-1,0,0,0,0,-1,-1,0,0,0,0,-1,1,1,1,-1,1,-1,1,1,-1,1,1,-1,1,1,1,0,0,-1
1,0,0.88241,0.30634,0.73232,0.57816,0.34109,0.58527,0.05717,1,-0.09238,0.92118,-0.62403,0.71996,-0.69767,0.32558,-0.81422,0.41195,-1,-0.00775,-0.78973,-0.41085,-0.76901,-0.45478,-0.57242,-0.67605,-0.31610,-0.81876,-0.02979,-0.86841,0.25392,-0.82127,0.00194,-0.81686,1
1,0,0.92308,0.15451,0.86399,0.29757,0.72582,0.36790,0.70588,0.56830,0.57449,0.62719,0.43270,0.74676,0.31705,0.67697,0.19128,0.76818,0.04686,0.76171,-0.12064,0.76969,-0.18479,0.71327,-0.29291,0.65708,-0.38798,0.58553,-0.46799,0.50131,-0.53146,0.40732,-0.56231,0.35095,1
1,0,1,0.24077,0.99815,0.00369,0.80244,-0.30133,0.89919,-0.23486,0.70643,-0.24077,0.73855,-0.30539,0.71492,-0.36078,0.47194,-0.61189,0.40473,-0.55059,0.61041,-0.39328,0.53176,-0.32681,0.23966,-0.52142,0.29208,-0.48390,0.12777,-0.39143,0.15657,-0.51329,0.18353,-0.46603,1
1,0,0.67065,0.02528,0.66626,0.05031,0.57197,0.18761,0.08776,0.34081,0.63621,0.12131,0.62099,0.14285,0.78637,0.10976,0.58373,0.18151,0.14395,0.41224,0.53888,0.21326,0.51420,0.22625,0.48838,0.23724,0.46167,0.24618,0.43433,0.25306,0.40663,0.25792,1,0.33036,1
1,0,1,0.01105,1,0.01105,1,0.02320,0.99448,-0.01436,0.99448,-0.00221,0.98343,0.02320,1,0.00884,0.97569,0.00773,0.97901,0.01657,0.98011,0.00663,0.98122,0.02099,0.97127,-0.00663,0.98033,0.01600,0.97901,0.01547,0.98564,0.02099,0.98674,0.02762,1
1,0,1,-1,1,1,-1,1,1,-1,1,-1,-1,-1,-1,1,1,1,1,1,-1,1,1,-1,1,-1,1,1,1,1,-1,1,-1,1,-1
1,0,0.98822,0.02187,0.93102,0.34100,0.83904,0.35222,0.74706,0.48906,0.73584,0.51879,0.55076,0.60179,0.43130,0.66237,0.31800,0.70443,0.28379,0.68873,0.07515,0.73696,0.06338,0.71284,-0.16489,0.69714,-0.16556,0.60510,-0.16209,0.55805,-0.34717,0.44195,-0.33483,0.37465,1
1,0,0.59840,0.40332,0.82809,0.80521,0.76001,0.70709,0.84010,-0.10984,0.97311,0.07981,0.95824,-0.85727,0.91962,0.88444,0.95452,-0.05206,0.88673,0.18135,0.98484,-0.69594,0.86670,-0.85755,0.28604,-0.30063,1,0.17076,0.62958,0.42677,0.87757,0.81007,0.81979,0.68822,-1
1,0,0.68148,0.10370,0.77037,0.03457,0.65185,0.08148,0.60988,-0.00494,0.79012,0.11852,0.59753,0.04938,0.62469,0.09630,0.78272,-0.17531,0.73827,-0.10864,0.48642,0.00988,0.60988,0.08148,0.66667,-0.12840,0.63773,-0.02451,0.76543,0.02222,0.61235,-0.07160,0.51358,-0.04691,1
1,0,1,-0.06182,1,0.02942,1,-0.05131,1,-0.01707,1,-0.11726,0.84493,-0.05202,0.93392,-0.06598,0.69170,-0.07379,0.65731,-0.20367,0.94910,-0.31558,0.80852,-0.31654,0.84932,-0.34838,0.72529,-0.29174,0.73094,-0.38576,0.54356,-0.26284,0.64207,-0.39487,1
1,0,0.95559,-0.00155,0.86421,-0.13244,0.94982,-0.00461,0.82809,-0.51171,0.92441,0.10368,1,-0.14247,0.99264,-0.02542,0.95853,-0.15518,0.84013,0.61739,1,-0.16321,0.87492,-0.08495,0.85741,-0.01664,0.84132,-0.01769,0.82427,-0.01867,0.80634,-0.01957,0.78761,-0.02039,1
0,0,1,-1,1,1,1,1,1,1,1,1,1,-1,1,-1,1,1,1,-1,1,1,1,1,1,-1,1,1,1,-1,1,1,1,-1,-1
1,0,0.83508,0.08298,0.73739,-0.14706,0.84349,-0.05567,0.90441,-0.04622,0.89391,0.13130,0.81197,0.06723,0.79307,-0.08929,1,-0.02101,0.96639,0.06618,0.87605,0.01155,0.77521,0.06618,0.95378,-0.04202,0.83479,0.00123,1,0.12815,0.86660,-0.10714,0.90546,-0.04307,1
1,0,0.74704,-0.13241,0.53755,0.16996,0.72727,0.09486,0.69565,-0.11067,0.66798,-0.23518,0.87945,-0.19170,0.73715,0.04150,0.63043,-0.00395,0.63636,-0.11858,0.79249,-0.25296,0.66403,-0.28656,0.67194,-0.10474,0.61847,-0.12041,0.60079,-0.20949,0.37549,0.06917,0.61067,-0.01383,1
1,0,1,-0.16316,1,-0.10169,0.99999,-0.15197,1,-0.19277,0.94055,-0.35151,0.95735,-0.29785,0.93719,-0.34412,0.94486,-0.28106,0.90137,-0.43383,0.86043,-0.47308,0.82987,-0.51220,0.84080,-0.47137,0.76224,-0.58370,0.65723,-0.68794,0.68714,-0.64537,0.64727,-0.67226,1
1,0,0.74916,0.02549,0.98994,0.09792,0.75855,0.12877,0.74313,-0.09188,0.95842,0.02482,0.97921,-0.00469,0.96110,0.10195,0.91482,0.03756,0.71026,0.02683,0.81221,-0.08048,1,0,0.71764,-0.01207,0.82271,0.02552,0.72435,-0.01073,0.90409,0.11066,0.72837,0.02750,1
0,0,-1,-1,1,1,1,-1,-1,1,1,-1,-1,-1,0,0,1,1,-1,-1,1,-1,1,-1,1,1,1,-1,1,-1,-1,1,1,-1,-1
1,0,0.84783,0.10598,1,0.39130,1,-1,0.66938,0.08424,1,0.27038,1,0.60598,1,0.35507,1,0.02672,0.58424,-0.43025,1,0.63496,0.89130,0.26585,0.91033,-0.33333,1,0.15942,0.37681,-0.01947,1,0.22464,1,0.37409,-1
1,0,0.05460,0.01437,-0.02586,0.04598,0.01437,0.04598,-0.07759,0.00862,0.01724,-0.06609,-0.03736,0.04310,-0.08333,-0.04598,-0.09483,0.08046,-0.04023,0.05172,0.02011,0.02299,-0.03736,-0.01149,0.03161,-0.00862,0.00862,0.01724,0.02586,0.01149,0.02586,0.01149,-0.04598,-0.00575,-1
1,0,-0.67935,-1,-1,1,1,0.63317,0.03515,-1,-1,-1,1,1,0.88683,-1,-1,1,0.83840,1,1,-1,-1,-1,-0.18856,1,1,-1,-1,-1,-1,1,1,0.33611,-1
1,0,1,0.5,1,0.25000,0.25000,1,0.16851,0.91180,-0.13336,0.80454,-0.34107,0.60793,-0.43820,0.37856,-0.43663,0.16709,-0.36676,0.00678,-0.26477,-0.09025,-0.16178,-0.12964,-0.07782,-0.12744,-0.02089,-0.10242,0.01033,-0.07036,0.02224,-0.04142,0.02249,-0.02017,1
1,0,0.08696,0.00686,0.13959,-0.04119,0.10526,-0.08238,0.12586,-0.06178,0.23341,-0.01144,0.12357,0.07780,0.14645,-0.13501,0.29062,-0.04805,0.18993,0.07323,0.11670,0,0.11213,-0.00229,0.15103,-0.10297,0.08467,0.01373,0.11213,-0.06636,0.09611,-0.07323,0.11670,-0.06865,-1
1,0,0,0,-1,-1,-1,1,0,0,-1,1,1,1,1,-1,0,0,0,0,-1,-1,-1,1,1,0.43750,1,-1,0,0,-1,-1,-1,1,-1
1,0,0.63510,-0.04388,0.76530,0.02968,0.61432,0.36028,0.65358,-0.00462,0.64203,0.08314,0.79446,-0.43418,0.72517,0.54965,0.59584,0.13857,0.63510,0.21940,0.63279,-0.25404,0.70951,0.15359,0.64665,0.23095,0.68775,0.17704,0.61663,0.07621,0.66316,0.19841,0.69053,0.36721,1
1,0,0.90932,0.08791,0.86528,0.16888,1,0.16598,0.55187,0.68154,0.70207,0.36719,0.16286,0.42739,0.57620,0.46086,0.51067,0.49618,0.31639,0.12967,0.37824,0.54462,0.31274,0.55826,0.24856,0.56527,0.18626,0.56605,0.12635,0.56101,0.06927,0.55061,0.12137,0.67739,1
1,0,1,1,0.36700,0.06158,0.12993,0.92713,-0.27586,0.93596,-0.31527,0.37685,-0.87192,0.36946,-0.92857,-0.08867,-0.38916,-0.34236,-0.46552,-0.82512,-0.05419,-0.93596,0.25616,-0.20443,0.73792,-0.45950,0.85471,-0.06831,1,1,0.38670,0.00246,0.17758,0.79790,1
1,0,0.50112,-0.03596,0.61124,0.01348,0.58876,0.01573,0.58876,0.02472,0.66742,-0.00449,0.71685,-0.04719,0.66517,0.00899,0.57303,0.02472,0.64719,-0.07416,0.56854,0.14157,0.57528,-0.03596,0.46517,0.04944,0.56588,0.00824,0.47640,-0.03596,0.54607,0.10562,0.60674,-0.08090,1
1,0,1,-0.09524,-1,-1,-1,-1,1,0.31746,0.81349,0.76190,-1,-1,-1,1,0.47364,1,1,1,0.68839,-1,-1,-1,0.82937,0.36508,1,1,1,0.50794,-1,-0.32540,-1,0.72831,-1
0,0,0,0,0,0,0,0,0,0,0,0,1,1,1,1,1,-1,0,0,1,1,1,-1,1,1,1,0,1,1,1,-1,0,0,-1
0,0,-1,-1,1,-1,-1,1,0,0,1,-1,1,-1,0,0,0,0,0,0,-1,1,1,-1,-1,1,1,1,0,0,1,0.5,0,0,-1
1,0,-1,1,-1,0.15244,0.28354,1,-1,1,-1,-1,1,1,-1,-0.23476,0.28301,-1,1,1,-0.31402,-1,-1,-1,1,-1,-1,-0.03578,1,-1,-1,-0.32317,0.14939,1,-1
1,0,0.82624,0.08156,0.79078,-0.08156,0.90426,-0.01773,0.92908,0.01064,0.80142,0.08865,0.94681,-0.00709,0.94326,0,0.93262,0.20213,0.95035,-0.00709,0.91489,0.00709,0.80496,0.07092,0.91135,0.15957,0.89527,0.08165,0.77660,0.06738,0.92553,0.18085,0.92553,0,1
1,0,0.94490,-0.49311,1,-0.03692,0.98898,-0.87052,0.90083,0.66942,1,-0.10104,1,-0.12493,1,-0.15017,1,-0.17681,1,-0.20491,1,-0.23452,1,-0.26571,1,-0.29852,1,-0.33304,1,-0.36931,1,-0.40740,1,-0.44739,1
1,0,0.89410,0.13425,0.87001,0.31543,0.78896,0.43388,0.63388,0.59975,0.54003,0.71016,0.39699,0.76161,0.24266,0.79523,0.09134,0.79598,-0.09159,0.76261,-0.20201,0.66926,-0.30263,0.62610,-0.40552,0.50489,-0.46215,0.40753,-0.50314,0.27252,-0.52823,0.19172,-0.48808,0.05972,1
1,0,1,-0.37838,0.64865,0.29730,0.64865,-0.24324,0.86486,0.18919,1,-0.27027,0.51351,0,0.62162,-0.05405,0.32432,-0.21622,0.71833,-0.17666,0.62162,0.05405,0.75676,0.13514,0.35135,-0.29730,0.61031,-0.22163,0.58478,-0.23027,0.72973,-0.59459,0.51351,-0.24324,1
1,0,0.88804,0.38138,0.65926,0.69431,0.29148,0.87892,-0.06726,0.90135,-0.39597,0.80441,-0.64574,0.56502,-0.82960,0.26906,-0.78940,-0.08205,-0.62780,-0.30942,-0.46637,-0.55605,-0.16449,-0.64338,0.09562,-0.61055,0.30406,-0.48392,0.43227,-0.29838,0.47029,-0.09461,0.42152,0.12556,1
1,0,0.62121,-0.63636,0,0,0,0,0.34470,0.28788,0.42803,0.39394,-0.07576,0.51894,0.36364,0.31439,-0.53788,0.32955,0.12121,-0.14773,0.01894,-0.53409,-0.57576,0.17803,0.29167,-0.27273,0.25758,-0.57576,0.43182,0.24242,0.18182,-0.02273,0.17045,-0.41667,-1
1,0,1,-0.92453,1,0.75472,0.49057,-0.05660,0.62264,0,1,-0.00054,0.45283,0.07547,0.62264,-0.05660,0.98878,-0.00085,0.52830,0,0.52830,0.07547,0.95190,-0.00112,1,0.79245,0.92192,-0.00128,0.94340,-1,1,0.43396,0.43396,-0.11321,1
1,0,0.01975,0.00705,0.04090,-0.00846,0.02116,0.01128,0.01128,0.04372,0.00282,0.00141,0.01975,-0.03103,-0.01975,0.06065,-0.04090,0.02680,-0.02398,-0.00423,0.04372,-0.02539,0.01834,0,0,-0.01269,0.01834,-0.01128,0.00564,-0.01551,-0.01693,-0.02398,0.00705,0,-1
1,0,0.97032,-0.14384,0.91324,-0.00228,0.96575,-0.17123,0.98630,0.18265,0.91781,0.00228,0.93607,-0.08447,0.91324,-0.00228,0.86758,-0.08676,0.97032,-0.21233,1,0.10274,0.92009,-0.05251,0.92466,0.06849,0.94043,-0.09252,0.97032,-0.20091,0.85388,-0.08676,0.96575,-0.21918,1
1,0,0.74468,0.10638,0.88706,0.00982,0.88542,0.01471,0.87234,-0.01418,0.73050,0.10638,0.87657,0.02912,0.87235,0.03382,0.95745,0.07801,0.95035,0.04255,0.85597,0.04743,0.84931,0.05178,0.87234,0.11348,0.83429,0.06014,0.74468,-0.03546,0.81710,0.06800,0.80774,0.07173,1
1,0,0.83427,0.39121,0.54040,0.78579,0.12326,0.89402,-0.33221,0.83578,-0.70086,0.59564,-0.86622,0.21909,-0.84442,-0.24164,-0.59714,-0.61894,-0.19354,-0.87787,0.12439,-0.89064,0.51109,-0.72454,0.79143,-0.27734,0.83008,0.08718,0.66592,0.49079,0.37542,0.70011,-0.03983,0.79444,1
1,0,0.72727,-0.05000,0.89241,0.03462,1,0.72727,0.66364,-0.05909,0.48182,-0.16818,0.81809,0.09559,0.56818,1,0.50455,0.21818,0.66818,0.10000,1,-0.30000,0.98636,-1,0.57273,0.32727,0.56982,0.14673,0.42273,0.08182,0.48927,0.14643,1,1,-1
1,0,1,0.05812,0.94525,0.07418,0.99952,0.13231,1,-0.01911,0.94846,0.07033,0.95713,0.14644,0.94862,0.11224,0.90896,0.20119,0.96741,0.16265,0.99695,0.14258,0.90784,0.16410,0.91667,0.22431,0.88423,0.23571,0.88568,0.22511,0.78324,0.29576,0.83574,0.31166,1
1,0,-1,-1,-0.50694,1,1,-1,1,0.53819,0,0,0.23958,-1,1,1,0,0,1,1,1,1,0,0,-0.71528,1,0.33333,-1,1,-1,0.69792,-1,0.47569,1,-1
1,0,0.94531,-0.03516,-1,-0.33203,-1,-0.01563,0.97266,0.01172,0.93359,-0.01953,-1,0.16406,-1,-0.00391,0.95313,-0.03516,0.92188,-0.02734,-0.99219,0.11719,-0.93359,0.34766,0.95703,-0.00391,0.82041,0.13758,0.90234,-0.06641,-1,-0.18750,-1,-0.34375,-1
1,0,1,0.06655,1,-0.18388,1,-0.27320,1,-0.43107,1,-0.41349,0.96232,-0.51874,0.90711,-0.59017,0.89230,-0.66474,0.69876,-0.70997,0.70645,-0.76320,0.63081,-0.80544,0.55867,-0.89128,0.47211,-0.86500,0.40303,-0.83675,0.30996,-0.89093,0.22995,-0.89158,1
1,0,0.89835,0.35157,0.67333,0.62233,0.43898,0.94353,-0.03643,0.80510,-0.22838,0.75334,-0.25137,0.48816,-0.57377,0.28415,-0.66750,0.10591,-0.47359,-0.06193,-0.81056,-0.06011,-0.33197,-0.47592,-0.12897,-0.53620,0.07158,-0.51925,0.24321,-0.43478,0.36586,-0.30057,0.42805,0.13297,1
1,0,0.18590,-0.16667,0,0,0,0,0,0,0,0,0.11538,-0.19071,0,0,0,0,0,0,0,0,-0.05128,-0.06571,0.07853,0.08974,0.17308,-0.10897,0.12500,0.09615,0.02564,-0.04808,0.16827,0.19551,-1
1,0,1,0,1,0,0.5,0.50000,0.75000,0,0.91201,0.12094,0.89067,0.14210,0.86922,0.16228,0.75000,0.25000,0.75000,0.5,0.75000,0,1,-0.25000,0.5,0.50000,0.73944,0.26388,0.75000,0.25000,0.69635,0.29074,0.67493,0.30293,1
0,0,-1,1,1,1,0,0,1,-1,1,-1,1,-1,-1,-1,0,0,-1,-1,0,0,0,0,-1,-1,1,-1,1,1,-1,-1,0,0,-1
1,0,0.94331,0.19959,0.96132,0.40803,0.80514,0.56569,0.56687,0.70830,0.41836,0.83230,0.14939,0.89489,0.05167,0.93682,-0.24742,0.83939,-0.42811,0.75554,-0.50251,0.62563,-0.65515,0.50428,-0.68851,0.30912,-0.77097,0.15619,-0.75406,-0.04399,-0.75199,-0.17921,-0.66932,-0.34367,1
1,0,0.57540,-0.03175,0.75198,-0.05357,0.61508,-0.01190,0.53968,0.03373,0.61706,0.09921,0.59127,-0.02381,0.62698,0.01190,0.70833,0.02579,0.60317,0.01587,0.47817,-0.02778,0.59127,0.03770,0.5,0.03968,0.61291,-0.01237,0.61706,-0.13492,0.68849,-0.01389,0.62500,-0.03175,1
1,0,0.88305,-0.21996,1,0.36373,0.82403,0.19206,0.85086,0.05901,0.90558,-0.04292,0.85193,0.25000,0.77897,0.25322,0.69206,0.57940,0.71030,0.39056,0.73176,0.27575,1,0.34871,0.56760,0.52039,0.69811,0.53235,0.80901,0.58584,0.43026,0.70923,0.52361,0.54185,1
1,0,0.49870,0.01818,0.43117,-0.09610,0.50649,-0.04156,0.50130,0.09610,0.44675,0.05974,0.55844,-0.11948,0.51688,-0.03636,0.52727,-0.05974,0.55325,-0.01039,0.48571,-0.03377,0.49091,-0.01039,0.59221,0,0.53215,-0.03280,0.43117,0.03377,0.54545,-0.05455,0.58961,-0.08571,1
1,0,-0.01864,-0.08459,0,0,0,0,0.11470,-0.26810,-0.45663,-0.38172,0,0,-0.33656,0.38602,-0.37133,0.15018,0.63728,0.22115,0,0,0,0,-0.14803,-0.01326,0.20645,-0.02294,0,0,0.16595,0.24086,-0.08208,0.38065,-1
1,0,0.97905,0.15810,0.90112,0.35237,0.82039,0.48561,0.71760,0.64888,0.58827,0.73743,0.40349,0.83156,0.25140,0.84804,0.04700,0.85475,-0.12193,0.79749,-0.26180,0.80754,-0.37835,0.71676,-0.51034,0.58324,-0.57587,0.46040,-0.61899,0.30796,-0.65754,0.18345,-0.64134,0.02968,1
1,0,0.97467,0.13082,0.94120,0.20036,0.88783,0.32248,0.89009,0.32711,0.85550,0.45217,0.72298,0.52284,0.69946,0.58820,0.58548,0.66893,0.48869,0.70398,0.44245,0.68159,0.35289,0.75622,0.26832,0.76210,0.16813,0.78541,0.07497,0.80439,-0.02962,0.77702,-0.10289,0.74242,1
1,0,1,-0.14754,1,0.04918,0.57377,-0.01639,0.65574,0.01639,0.85246,-0.03279,0.72131,0,0.68852,-0.16393,0.19672,-0.14754,0.65558,-0.17176,0.67213,0.03279,1,-0.29508,0.31148,-0.34426,0.52385,-0.20325,0.32787,-0.03279,0.27869,-0.44262,0.49180,-0.06557,-1
1,0,0.84710,0.13533,0.73638,-0.06151,0.87873,0.08260,0.88928,-0.09139,0.78735,0.06678,0.80668,-0.00351,0.79262,-0.01054,0.85764,-0.04569,0.87170,-0.03515,0.81722,-0.09490,0.71002,0.04394,0.86467,-0.15114,0.81147,-0.04822,0.78207,-0.00703,0.75747,-0.06678,0.85764,-0.06151,1
1,0,-0.00641,-0.5,0,0,-0.01923,1,0,0,0,0,0,0,0,0,0,0,0.31410,0.92949,-0.35256,0.74359,-0.34615,-0.80769,0,0,-0.61538,-0.51282,0,0,0,0,0,0,-1
1,0,0.32834,0.02520,0.15236,0.21278,0.14919,0.74003,-0.25706,0.92324,-0.10312,0.19380,-0.61352,0.25786,-0.94053,-0.05409,-0.13117,-0.14329,-0.30315,-0.44615,-0.11409,-0.85597,0.02668,-0.22786,0.27942,-0.06295,0.33737,-0.11876,0.27657,-0.11409,0.15078,0.13296,0.12197,0.20468,1
1,0,0.85736,0.00075,0.81927,-0.05676,0.77521,-0.04182,0.84317,0.09037,0.86258,0.11949,0.88051,-0.06124,0.78342,0.03510,0.83719,-0.06796,0.83570,-0.14190,0.88125,0.01195,0.90515,0.02240,0.79686,-0.01942,0.82383,-0.03678,0.88125,-0.06423,0.73936,-0.01942,0.79089,-0.09186,1
1,0,0.76296,-0.07778,1,-0.29630,1,-0.85741,0.80000,0.06111,0.45556,-0.42778,1,-0.12581,1,-0.83519,0.49259,0.01852,0.82222,-0.05926,0.98215,-0.19938,1,0.22037,0.69630,-0.26481,0.92148,-0.24549,0.78889,0.02037,0.87492,-0.27105,1,-0.57037,1
1,0,0.88179,0.43491,0.59573,0.77655,0.19672,0.94537,-0.24103,0.92544,-0.62526,0.71257,-0.86443,0.33652,-0.92384,-0.05338,-0.77356,-0.44707,-0.46950,-0.73285,-0.10237,-0.82217,0.26384,-0.77570,0.55984,-0.55910,0.72147,-0.24433,0.72478,0.09599,0.58137,0.38915,0.34749,0.57656,1
1,0,0.93658,0.35107,0.75254,0.65640,0.45571,0.88576,0.15323,0.95776,-0.21775,0.96301,-0.56535,0.83397,-0.78751,0.58045,-0.93104,0.26020,-0.93641,-0.06418,-0.87028,-0.40949,-0.65079,-0.67464,-0.36799,-0.84951,-0.04578,-0.91221,0.27330,-0.85762,0.54827,-0.69613,0.74828,-0.44173,1
1,0,0.98182,0,0.88627,0.03131,0.86249,0.04572,0.80000,0,0.69091,0.04545,0.79343,0.08436,0.77118,0.09579,0.62727,0.25455,0.68182,0.12727,0.70674,0.12608,0.68604,0.13493,0.74545,0.22727,0.64581,0.15088,0.67273,0.02727,0.60715,0.16465,0.58840,0.17077,1
1,0,0.74449,-0.02390,0.70772,0.03309,0.72243,0.16912,0.79228,0.07721,0.81434,0.43934,0.63787,0.00551,0.70772,0.21691,1,0.06066,0.61029,0.05147,0.67463,0.04228,0.52022,-0.25000,0.72978,-0.15809,0.61727,0.07124,0.30882,0.08640,0.55916,0.07458,0.60294,0.21691,1
1,0,-0.65625,0.15625,0.06250,0,0,0.06250,0.62500,0.06250,0.18750,0,-0.03125,0.09375,0.06250,0,0.15625,-0.15625,0.43750,-0.37500,0,-0.09375,0,0,0.03125,-0.46875,0.03125,0,-0.71875,0.03125,-0.03125,0,0,0.09375,-1
1,0,0.45455,0.09091,0.63636,0.09091,0.27273,0.18182,0.63636,0,0.36364,-0.09091,0.45455,-0.09091,0.48612,-0.01343,0.63636,-0.18182,0.45455,0,0.36364,-0.09091,0.27273,0.18182,0.36364,-0.09091,0.34442,-0.01768,0.27273,0,0.36364,0,0.28985,-0.01832,1
1,0,0.29202,0.13582,0.45331,0.16808,0.51783,-0.00509,0.52632,0.20883,0.52462,-0.16638,0.47368,-0.04754,0.55518,0.03905,0.81664,-0.22411,0.42445,-0.04244,0.34975,0.06621,0.28183,-0.20883,0.51731,-0.03176,0.50369,-0.03351,0.34635,0.09847,0.70798,-0.01868,0.39559,-0.03226,1
1,0,0.94653,0.28713,0.72554,0.67248,0.47564,0.82455,0.01267,0.89109,-0.24871,0.84475,-0.47644,0.56079,-0.75881,0.41743,-0.66455,0.07208,-0.65426,-0.19525,-0.52475,-0.44000,-0.30851,-0.55089,-0.04119,-0.64792,0.16085,-0.56420,0.36752,-0.41901,0.46059,-0.22535,0.50376,-0.05980,1
1,0,1,0.02461,0.99672,0.04861,0.97545,0.07143,0.61745,-1,0.91036,0.11147,0.88462,0.53640,0.82077,0.14137,0.76929,0.15189,1,0.41003,0.65850,0.16371,0.60138,0.16516,0.54446,0.16390,0.48867,0.16019,0.43481,0.15436,0.38352,0.14677,1,1,-1
0,0,0,0,0,0,0,0,0,0,0,0,0,0,0,0,0,0,0,0,0,0,0,0,0,0,1,-1,0,0,0,0,0,0,-1
1,0,1,-0.01342,1,0.01566,1,-0.00224,1,0.06264,0.97763,0.04474,0.95973,0.02908,1,0.06488,0.98881,0.03356,1,0.03579,0.99776,0.09396,0.95749,0.07383,1,0.10067,0.99989,0.08763,0.99105,0.08501,1,0.10067,1,0.10067,1
1,0,1,-0.18829,0.93035,-0.36156,-0.10868,-0.93597,1,-0.04549,0.50874,-0.67743,0.34432,-0.69707,-0.51685,-0.97515,0.05499,-0.62237,0.33109,-1,-0.13151,-0.45300,-0.18056,-0.35734,-0.20332,-0.26569,-0.20468,-0.18401,-0.19040,-0.11593,-0.16626,-0.06288,-0.13738,-0.02447,-1
1,0,0.39179,-0.06343,0.97464,0.04328,1,1,0.35821,0.15299,0.54478,0.13060,0.61567,-0.82090,0.57836,0.67910,0.66791,-0.10448,0.46642,-0.11567,0.65574,0.14792,0.83209,0.45522,0.47015,0.16418,0.49309,0.14630,0.32463,-0.02612,0.39118,0.13521,0.34411,0.12755,-1
1,0,0.88208,-0.14639,0.93408,-0.11057,0.92100,-0.16450,0.88307,-0.17036,0.88462,-0.31809,0.85269,-0.31463,0.82116,-0.35924,0.80681,-0.33632,0.75243,-0.47022,0.70555,-0.47153,0.66150,-0.50085,0.61297,-0.48086,0.56804,-0.54629,0.50179,-0.59854,0.47075,-0.57377,0.42189,-0.58086,1
0,0,1,1,1,-1,1,1,-1,1,0,0,1,1,0,0,0,0,-1,1,-1,1,1,1,1,-1,1,1,1,1,1,-1,-1,1,-1
1,0,0.02337,-0.00592,-0.09924,-0.11949,-0.00763,-0.11824,0.14706,0.06637,0.03786,-0.06302,0,0,-0.04572,-0.15540,-0.00343,-0.10196,-0.11575,-0.05414,0.01838,0.03669,0.01519,0.00888,0.03513,-0.01535,-0.03240,0.09223,-0.07859,0.00732,0,0,-0.00039,0.12011,-1
1,0,1,-1,1,1,1,-1,1,-1,1,-1,1,-0.01840,1,-1,1,1,1,-0.85583,1,1,1,-1,0,0,1,1,1,-0.79141,1,1,1,1,-1
1,0,0.88085,0.35232,0.68389,0.65128,0.34816,0.79784,0.05832,0.90842,-0.29784,0.86490,-0.62635,0.69590,-0.77106,0.39309,-0.85803,0.08408,-0.81641,-0.24017,-0.64579,-0.50022,-0.39766,-0.68337,-0.11147,-0.75533,0.17041,-0.71504,0.40675,-0.57649,0.56626,-0.36765,0.62765,-0.13305,1
1,0,0.06404,-0.15271,-0.04433,0.05911,0.08374,-0.02463,-0.01478,0.18719,0.06404,0,0.12315,-0.09852,0.05911,0,0.01970,-0.02956,-0.12808,-0.20690,0.06897,0.01478,0.06897,0.02956,0.07882,0.16256,0.28079,-0.04926,-0.05911,-0.09360,0.04433,0.05419,0.07389,-0.10837,-1
1,0,0.88420,0.36724,0.67123,0.67382,0.39613,0.86399,0.02424,0.93182,-0.35148,0.83713,-0.60316,0.58842,-0.78658,0.38778,-0.83285,-0.00642,-0.69318,-0.32963,-0.52504,-0.53924,-0.27377,-0.68126,0.00806,-0.69774,0.26028,-0.60678,0.44569,-0.43383,0.54209,-0.21542,0.56286,0.02823,1
1,0,0.05866,-0.00838,0.06704,0.00838,0,-0.01117,0.00559,-0.03911,0.01676,-0.07542,-0.00559,0.05307,0.06425,-0.03352,0,0.09497,-0.06425,0.07542,-0.04749,0.02514,0.02793,-0.00559,0.00838,0.00559,0.10335,-0.00838,0.03073,-0.00279,0.04469,0,0.04749,-0.03352,-1
1,0,0.94052,-0.01531,0.94170,0.01001,0.94994,-0.01472,0.95878,-0.01060,0.94641,-0.03710,0.97173,-0.01767,0.97055,-0.03887,0.95465,-0.04064,0.95230,-0.04711,0.94229,-0.02179,0.92815,-0.04417,0.92049,-0.04476,0.92695,-0.05827,0.90342,-0.07479,0.91991,-0.07244,0.92049,-0.07420,1
1,0,1,-0.05529,1,-1,0.5,-0.11111,0.36111,-0.22222,1,-0.25712,0.16667,-0.11111,1,-0.34660,1,-0.38853,1,-0.42862,0,-0.25000,1,-0.50333,1,-0.27778,1,-0.57092,1,-0.27778,1,-0.63156,1,-0.65935,-1
1,0,0.89563,0.37917,0.67311,0.69438,0.35916,0.88696,-0.04193,0.93345,-0.38875,0.84414,-0.67274,0.62078,-0.82680,0.30356,-0.86150,-0.05365,-0.73564,-0.34275,-0.51778,-0.62443,-0.23428,-0.73855,0.06911,-0.73856,0.33531,-0.62296,0.52414,-0.42086,0.61217,-0.17343,0.60073,0.08660,1
1,0,0.60678,-0.02712,0.67119,0.04068,0.52881,-0.04407,0.50508,0.03729,0.70508,-0.07797,0.57966,-0.02034,0.53220,0.07797,0.64068,0.11864,0.56949,-0.02373,0.53220,0.00678,0.71525,-0.03390,0.52881,-0.03390,0.57262,0.00750,0.58644,-0.00339,0.58983,-0.02712,0.50169,0.06780,1
0,0,1,1,1,-1,1,1,1,1,1,1,1,-1,1,1,1,-1,1,-1,1,1,1,1,1,-1,1,1,1,1,1,1,1,1,-1
1,0,0.85271,0.05426,1,0.08069,1,1,0.91473,-0.00775,0.83721,0.03876,1,0.27153,1,1,0.81395,0.04651,0.90698,0.11628,1,0.50670,1,-1,0.80620,0.03876,1,0.71613,0.84496,0.06977,1,0.87317,1,1,-1
1,0,1,1,1,-1,1,-1,1,1,1,1,1,1,1,-1,1,1,1,1,1,1,1,1,1,1,1,0.5,0,0,1,-1,1,-1,-1
1,0,1,0.01709,0.96215,-0.03142,1,-0.03436,1,-0.05071,0.99026,-0.07092,0.99173,-0.09002,1,-0.15727,1,-0.14257,0.98310,-0.11813,1,-0.18519,1,-0.19272,0.98971,-0.22083,0.96490,-0.20243,0.94599,-0.17123,0.96436,-0.22561,0.87011,-0.23296,1
1,0,0.70870,-0.24783,0.64348,0.04348,0.45217,0.38261,0.65217,0.18261,0.5,0.26957,0.57826,-0.23043,0.50435,0.37826,0.38696,-0.42609,0.36087,-0.26087,0.26957,0.11739,0.53246,-0.03845,0.31304,-0.12174,0.49930,-0.04264,0.48348,-0.04448,0.64348,-0.25217,0.50435,0.14783,1
1,0,0.92657,0.04174,0.89266,0.15766,0.86098,0.19791,0.83675,0.36526,0.80619,0.40198,0.76221,0.40552,0.66586,0.48360,0.60101,0.51752,0.53392,0.52180,0.48435,0.54212,0.42546,0.55684,0.33340,0.55274,0.26978,0.54214,0.22307,0.53448,0.14312,0.49124,0.11573,0.46571,1
1,0,0.87772,-0.08152,0.83424,0.07337,0.84783,0.04076,0.77174,-0.02174,0.77174,-0.05707,0.82337,-0.10598,0.67935,-0.00543,0.88043,-0.20924,0.83424,0.03261,0.86413,-0.05978,0.97283,-0.27989,0.85054,-0.18750,0.83705,-0.10211,0.85870,-0.03261,0.78533,-0.10870,0.79076,-0.00543,1
1,0,0.91767,0.18198,0.86090,0.35543,0.72873,0.45747,0.60425,0.69865,0.50376,0.74922,0.36100,0.81795,0.15664,0.83558,0.00396,0.85210,-0.16390,0.77853,-0.35996,0.76193,-0.43087,0.65385,-0.53140,0.53886,-0.60328,0.40972,-0.64511,0.27338,-0.65710,0.13667,-0.64056,0.05394,1
1,0,0.46785,0.11308,0.58980,0.00665,0.55432,0.06874,0.47894,-0.13969,0.52993,0.01330,0.63858,-0.16186,0.67849,-0.03326,0.54545,-0.13525,0.52993,-0.04656,0.47894,-0.19512,0.50776,-0.13525,0.41463,-0.20177,0.53930,-0.11455,0.59867,-0.02882,0.53659,-0.11752,0.56319,-0.04435,1
1,0,0,0,0.98919,-0.22703,0.18919,-0.05405,0,0,0.93243,0.07297,1,-0.20000,1,0.07027,1,-0.11351,0,0,1,-0.21081,1,-0.41622,0,0,1,-0.17568,0,0,1,-0.25946,0.28919,-0.15676,-1
1,0,0,0,0,0,0,0,-0.85000,-1,0,0,1,-1,0,0,-1,-1,-1,-1,1,-1,-0.60000,-1,1,1,-1,-0.20000,1,-1,0,1,0,0,-1
1,0,1,0.09091,0.95455,-0.09091,0.77273,0,1,0,0.95455,0,1,0.04545,0.90909,-0.04545,1,0,1,0,0.86364,0.09091,0.77273,0.09091,0.90909,0.04545,0.91541,0.02897,0.95455,0.09091,0.86364,-0.09091,0.86364,0.04545,1
1,0,1,0.04078,1,0.11982,1,0.16159,1,0.27921,0.98703,0.30889,0.92745,0.37639,0.91118,0.39749,0.81939,0.46059,0.78619,0.46994,0.79400,0.56282,0.70331,0.58129,0.67077,0.59723,0.58903,0.60990,0.53952,0.60932,0.45312,0.63636,0.40442,0.62658,1
1,0,0.84557,-0.08580,-0.31745,-0.80553,-0.08961,-0.56435,0.80648,0.04576,0.89514,-0.00763,-0.18494,0.63966,-0.20019,-0.68065,0.85701,-0.11344,0.77979,-0.15729,-0.06959,0.50810,-0.34128,0.80934,0.78932,-0.03718,0.70882,-0.25288,0.77884,-0.14109,-0.21354,-0.78170,-0.18494,-0.59867,-1
1,0,1,0.00433,1,-0.01209,1,-0.02960,1,-0.07014,0.97839,-0.06256,1,-0.06544,0.97261,-0.07917,0.92561,-0.13665,0.94184,-0.14327,0.99589,-0.14248,0.94815,-0.13565,0.89469,-0.20851,0.89067,-0.17909,0.85644,-0.18552,0.83777,-0.20101,0.83867,-0.20766,1
1,0,0.96087,0.08620,0.96760,0.19279,0.96026,0.27451,0.98044,0.35052,0.92867,0.46281,0.86265,0.52517,0.82820,0.58794,0.73242,0.69065,0.69003,0.73140,0.54473,0.68820,0.48339,0.76197,0.40615,0.74689,0.33401,0.83796,0.24944,0.86061,0.13756,0.86835,0.09048,0.86285,1
0,0,1,-1,1,1,1,-1,1,1,1,-1,1,1,1,-1,1,-1,1,1,1,1,1,-1,1,-1,1,-1,1,1,1,-1,1,1,-1
1,0,-0.20500,0.28750,0.23000,0.10000,0.28250,0.31750,0.32250,0.35000,0.36285,-0.34617,0.09250,0.27500,-0.09500,0.21000,-0.08750,0.23500,-0.34187,0.31408,-0.48000,-0.08000,0.29908,0.33176,-0.58000,-0.24000,0.32190,-0.28475,-0.47000,0.18500,-0.27104,-0.31228,0.40445,0.03050,-1
1,0,0.19466,0.05725,0.04198,0.25191,-0.10557,0.48866,-0.18321,-0.18321,-0.41985,0.06107,-0.45420,0.09160,-0.16412,-0.30534,-0.10305,-0.39695,0.18702,-0.17557,0.34012,-0.11953,0.28626,-0.16031,0.21645,0.24692,0.03913,0.31092,-0.03817,0.26336,-0.16794,0.16794,-0.30153,-0.33588,1
1,0,1,1,0,0,1,-1,-1,-1,1,1,1,-1,0,0,1,-1,1,1,0,0,1,-1,-1,-1,1,1,-1,1,-1,1,0,0,-1
1,0,0.76627,0.21106,0.63935,0.38112,0.48409,0.52500,0.15000,0.22273,0.13753,0.59565,-0.07727,0.44545,0,0.48636,-0.27491,0.42014,-0.56136,0.36818,-0.36591,0.18864,-0.40533,0.07588,-0.38483,-0.03229,-0.33942,-0.12486,-0.27540,-0.19714,-0.19962,-0.24648,-0.11894,-0.27218,1
1,0,1,0.63548,1,1,0.77123,1,-0.33333,1,-1,1,0,1,-1,1,-1,0,-1,-0.66667,-1,-0.92536,-1,-0.33333,-0.33333,-1,0.19235,-1,1,-1,0,-1,1,-0.66667,1
1,0,0.31034,-0.10345,0.24138,-0.10345,0.20690,-0.06897,0.07405,-0.05431,0.03649,-0.03689,0.01707,-0.02383,0.00741,-0.01482,0.00281,-0.00893,0.00078,-0.00523,-0.00003,-0.00299,-0.00028,-0.00166,-0.00031,-0.00090,-0.00025,-0.00048,-0.00018,-0.00024,-0.00012,-0.00012,-0.00008,-0.00006,1
1,0,1,0.28046,1,0.02477,1,0.07764,1,0.04317,0.98762,0.33266,1,0.05489,1,0.04384,0.95750,-0.24598,0.84371,-0.08668,1,0.04150,0.99933,0.27376,1,-0.39056,0.96414,-0.02174,0.86747,0.23360,0.94578,-0.22021,0.80355,-0.07329,1
1,0,0.88110,0,0.94817,-0.02744,0.93598,-0.01220,0.90244,0.01829,0.90244,0.01829,0.93902,0.00915,0.95732,0.00305,1,0.02744,0.94207,-0.01220,0.90854,0.02439,0.91463,0.05488,0.99695,0.04878,0.89666,0.02226,0.90854,0.00915,1,0.05488,0.97561,-0.01220,1
1,0,0.90147,0.41786,0.64131,0.75725,0.30440,0.95148,-0.20449,0.96534,-0.55483,0.81191,-0.81857,0.50949,-0.96986,0.10345,-0.91456,-0.31412,-0.70163,-0.65461,-0.32354,-0.88999,0.05865,-0.94172,0.44483,-0.82154,0.74105,-0.55231,0.89415,-0.18725,0.87893,0.20359,0.70555,0.54852,1
1,0,0.10135,0.10811,0,0,0,0,0.54730,0.82432,0.31081,1,0,0,0,0,0.37162,-1,0.33108,-1,0,0,0,0,-0.42568,-1,1,-1,0.55405,-0.23649,0,0,0,0,-1
1,0,0.43636,-0.12727,0.58182,-0.14545,0.18182,-0.67273,0.34545,-0.03636,0.29091,-0.05455,0.29091,0.29091,0.36364,-0.41818,0.20000,-0.01818,0.36364,0.05455,0.12727,0.49091,0.61818,0.16364,0.32727,0.16364,0.41098,-0.07027,0.34545,-0.05455,0.12727,-0.36364,0.29091,-0.29091,-1
1,0,0.39394,-0.24242,0.62655,0.01270,0.45455,0.09091,0.63636,0.09091,0.21212,-0.21212,0.57576,0.15152,0.39394,0,0.56156,0.04561,0.51515,0.03030,0.78788,0.18182,0.30303,-0.15152,0.48526,0.05929,0.46362,0.06142,0.33333,-0.03030,0.41856,0.06410,0.39394,0.24242,1
1,0,0.90547,0.41113,0.65354,0.74761,0.29921,0.95905,-0.13342,0.97820,-0.52236,0.83263,-0.79657,0.55086,-0.96631,0.15192,-0.93001,-0.25554,-0.71863,-0.59379,-0.41546,-0.85205,-0.02250,-0.93788,0.36318,-0.85368,0.67538,-0.61959,0.85977,-0.28123,0.88654,0.09800,0.75495,0.46301,1
1,0,0,0,1,0.12889,0.88444,-0.02000,0,0,1,-0.42444,1,0.19556,1,-0.05333,1,-0.81556,0,0,1,-0.04000,1,-0.18667,0,0,1,-1,0,0,1,0.11778,0.90667,-0.09556,-1
1,0,1,0.45455,1,-0.45455,1,0.09091,1,-0.09091,1,0,1,-0.27273,1,-0.18182,1,0.09091,1,0,1,-0.36364,1,0.09091,1,-0.09091,1,-0.04914,1,0.45455,1,-0.27273,1,-0.18182,1
1,0,0.42000,-0.61000,0,0,1,-1,0.90000,1,0.43000,0.64000,0,0,0,0,0.67000,-0.29000,0.84000,-1,0,0,0,0,0.21000,0.68000,1,0.22000,0,0,0,0,0,0,-1
1,0,0.90608,-0.01657,0.98122,-0.01989,0.95691,-0.03646,0.85746,0.00110,0.89724,-0.03315,0.89061,-0.01436,0.90608,-0.04530,0.91381,-0.00884,0.80773,-0.12928,0.88729,0.01215,0.92155,-0.02320,0.91050,-0.02099,0.89147,-0.07760,0.82983,-0.17238,0.96022,-0.03757,0.87403,-0.16243,1
0,0,-1,1,1,-1,-1,1,0,0,1,1,-1,-0.18750,1,1,-1,-1,1,-1,-1,-1,1,1,1,-1,1,1,1,1,0,0,-1,-1,-1
0,0,0,0,0,0,0,0,1,1,1,1,0,0,0,0,-0.37500,-1,-1,-1,0,0,0,0,-1,-1,-1,-1,-1,1,1,0,0,0,-1
1,0,0.91241,0.04347,0.94191,0.02280,0.94705,0.05345,0.93582,0.01321,0.91911,0.06348,0.92766,0.12067,0.92048,0.06211,0.88899,0.12722,0.83744,0.14439,0.80983,0.11849,0.77041,0.14222,0.75755,0.11299,0.73550,0.13282,0.66387,0.15300,0.70925,0.10754,0.65258,0.11447,1
0,0,-1,1,1,-1,0,0,0,0,1,-1,1,1,0,0,1,-1,0,0,0,0,1,1,-1,1,1,-1,-1,1,-1,-1,0,0,-1
1,0,1,0.07380,1,0.03420,1,-0.05563,1,0.08764,1,0.19651,1,0.20328,1,0.12785,1,0.10561,1,0.27087,1,0.44758,1,0.41750,1,0.20033,1,0.36743,0.95603,0.48641,1,0.32492,1,0.46712,1
1,0,-1,-1,1,1,1,-0.14375,0,0,-1,1,1,1,0.17917,-1,-1,-1,0.08750,-1,1,-1,-1,1,-1,-1,1,-1,-1,-1,1,1,0,0,-1
1,0,1,0.24168,1,0.48590,1,0.72973,1,1,1,1,1,1,1,0.77128,1,1,1,1,0.74468,1,0.89647,1,0.64628,1,0.38255,1,0.10819,1,-0.17370,1,-0.81383,1,1
1,0,0.65909,-0.62879,0,0,0,0,0.77273,1,1,-0.28030,0,0,0,0,0.62121,-0.22727,0.84091,-1,1,-1,0,0,0,0,1,-0.93939,-0.12879,-0.93182,0,0,0,0,-1
1,0,0.25316,0.35949,0,0,-0.29620,-1,0,0,0.07595,-0.07342,0,0,0,0,0,0,0,0,0.00759,0.68101,-0.20000,0.33671,-0.10380,0.35696,0.05570,-1,0,0,0.06329,-1,0,0,-1
1,0,1,-0.01081,1,-0.02703,1,-0.06486,0.95135,-0.01622,0.98919,-0.03243,0.98919,0.08649,1,-0.06486,0.95135,0.09189,0.97838,-0.00541,1,0.06486,1,0.04324,0.97838,0.09189,0.98556,0.01251,1,-0.03243,1,0.02703,1,-0.07027,1
1,0,0.65845,0.43617,0.44681,0.74804,0.05319,0.85106,-0.32027,0.82139,-0.68253,0.52408,-0.84211,0.07111,-0.82811,-0.28723,-0.47032,-0.71725,-0.04759,-0.86002,0.23292,-0.76316,0.56663,-0.52128,0.74300,-0.18645,0.74758,0.23713,0.45185,0.59071,0.20549,0.76764,-0.18533,0.74356,1
1,0,0.44444,0.44444,0.53695,0.90763,-0.22222,1,-0.33333,0.88889,-1,0.33333,-1,-0.11111,-1,-0.22222,-0.66667,-0.77778,0.55556,-1,-0.22222,-0.77778,0.77778,-0.22222,0.33333,0,0.92120,0.45019,0.57454,0.84353,0.22222,1,-0.55556,1,1
1,0,0.96933,0.00876,1,0.00843,0.98658,-0.00763,0.97868,-0.02844,0.99820,-0.03510,1,-0.01271,1,-0.02581,1,-0.01175,0.98485,0.00025,1,-0.02612,1,-0.04744,0.96019,-0.04527,0.99188,-0.03473,0.97020,-0.02478,1,-0.03855,0.98420,-0.04112,1
1,0,0.43750,0.04167,0.58333,-0.10417,0.39583,0,0.33333,-0.06250,0.47917,0,0.29167,0.10417,0.54167,0.02083,0.43750,-0.22917,0.35417,-0.22917,0.33333,0.08333,0.25000,0.18750,0.39583,-0.18750,0.44012,-0.10064,0.41667,-0.08333,0.58333,-0.31250,0.33333,-0.06250,1
1,0,0.74852,-0.02811,0.65680,-0.05178,0.80621,0.02811,0.85947,0.02515,0.63462,0.08728,0.71598,0.07840,0.73077,0.05178,0.78550,-0.27811,0.65976,-0.01479,0.78698,0.06953,0.34615,-0.18639,0.65385,0.02811,0.61009,-0.06637,0.53550,-0.21154,0.59024,-0.14053,0.56361,0.02959,1
0,0,1,-1,1,1,1,-1,1,1,1,-1,1,-1,1,-1,1,1,1,1,1,1,1,-1,1,1,1,1,1,1,1,1,1,-1,-1
1,0,0.87048,0.38027,0.64099,0.69212,0.31347,0.86625,-0.03933,0.90740,-0.42173,0.79346,-0.70561,0.51560,-0.81049,0.22735,-0.81136,-0.12539,-0.67474,-0.38102,-0.38334,-0.62861,-0.13013,-0.70762,0.15552,-0.66421,0.38544,-0.51568,0.52573,-0.29897,0.56239,-0.05938,0.51460,0.16645,1
1,0,-1,-1,0,0,0.50814,-0.78502,0.60586,0.32899,-1,-0.41368,0,0,0,0,1,-0.26710,0.36482,-0.63518,0.97068,-1,-1,-1,1,-0.59609,-1,-1,-1,-1,1,-1,0,0,-1
1,0,0.84713,-0.03397,0.86412,-0.08493,0.81953,0,0.73673,-0.07643,0.71975,-0.13588,0.74947,-0.11677,0.77495,-0.18684,0.78132,-0.21231,0.61996,-0.10191,0.79193,-0.15711,0.89384,-0.03397,0.84926,-0.26115,0.74115,-0.23312,0.66242,-0.22293,0.72611,-0.37792,0.65817,-0.24841,1
